a = 10;
Ts = 0.001;