A = round(gallery('uniformdata',[3 4],0)*100)
A =
    95    49    46    44
    23    89     2    62
    61    76    82    79
B = sort(A,1)
B =
    23    49     2    44
    61    76    46    62
    95    89    82    79
[C, index] = sort(A,1,'descend')
C =
    95    89    82    79
    61    76    46    62
    23    49     2    44
index =
     1     2     3     3
     3     3     1     2
     2     1     2     1
D = sortrows(A,1)
D =
    23    89     2    62
    61    76    82    79
    95    49    46    44
diary off
