a = 1

a =

     1

b = 2'

b =

     2

A = magic(5), B = ones(5) * 4.7;

A =

    17    24     1     8    15
    23     5     7    14    16
     4     6    13    20    22
    10    12    19    21     3
    11    18    25     2     9

diary off
